Number of symmetry operations: 12
Op #: 1
 -1.000000   0.000000   0.000000
  0.000000  -1.000000   0.000000
  0.000000   0.000000  -1.000000
shift:  -0.0000   0.0000   0.0000
Op #: 2
 -1.000000   0.000000   0.000000
  0.000000   0.500000   0.866025
  0.000000   0.866025  -0.500000
shift:  -0.0000   0.0000  -0.0000
Op #: 3
 -1.000000   0.000000   0.000000
  0.000000  -1.000000   0.000000
  0.000000   0.000000   1.000000
shift:  -0.0000   0.0000   0.0000
Op #: 4
 -1.000000   0.000000   0.000000
  0.000000   0.500000   0.866025
  0.000000  -0.866025   0.500000
shift:  -0.0000   0.0000  -0.0000
Op #: 5
 -1.000000   0.000000   0.000000
  0.000000   0.500000  -0.866025
  0.000000   0.866025   0.500000
shift:  -0.0000   0.0000   0.0000
Op #: 6
 -1.000000   0.000000   0.000000
  0.000000   0.500000  -0.866025
  0.000000  -0.866025  -0.500000
shift:  -0.0000   0.0000   0.0000
Op #: 7
  1.000000   0.000000   0.000000
  0.000000  -0.500000   0.866025
  0.000000   0.866025   0.500000
shift:   0.0000   0.0000  -0.0000
Op #: 8
  1.000000   0.000000   0.000000
  0.000000  -0.500000   0.866025
  0.000000  -0.866025  -0.500000
shift:   0.0000   0.0000  -0.0000
Op #: 9
  1.000000   0.000000   0.000000
  0.000000  -0.500000  -0.866025
  0.000000   0.866025  -0.500000
shift:   0.0000   0.0000   0.0000
Op #:10
  1.000000   0.000000   0.000000
  0.000000   1.000000   0.000000
  0.000000   0.000000  -1.000000
shift:   0.0000   0.0000   0.0000
Op #:11
  1.000000   0.000000   0.000000
  0.000000  -0.500000  -0.866025
  0.000000  -0.866025   0.500000
shift:   0.0000   0.0000   0.0000
Op #:12
  1.000000   0.000000   0.000000
  0.000000   1.000000   0.000000
  0.000000   0.000000   1.000000
shift:   0.0000   0.0000   0.0000
